1it:
422861.000
242136.000
186857.000
194709.000
234097.000
221979.000
247912.000
227976.000
223245.000
200770.000
esp: 240254.2
desvio: 67250.78758
var: 4522668429.51111

1it+programita:
289209.000
302654.000
258757.000
254428.000
248527.000
254606.000
260391.000
338981.000
373612.000
280937.000
e: 286210.2
d:41607.01932
var: 1731144056.62222


10it:
88683.602
80793.000
81883.602
92965.703
83111.500
87792.102
87268.898
83884.602
85367.898
88069.703
e: 85982.061
d: 3683.30162
var:13566710.83374

10it+programita:
103266.297
109801.500
84441.797
118443.703
105104.203
110068.500
114461.203
99146.703
130605.703
105241.797


100it+programita:
211434.719
534437.125
73223.062
73545.938
73529.969
281425.906
271598.812
172146.000
73836.578
72519.094

100it:

50511.738
51778.449
46906.539
49840.031
49058.250
49533.371
50706.852
53366.762
48822.000
52282.211
51123.852

1000it:
47284.602
47047.203
47248.234
46185.520
46195.168
45599.848
46591.668
48916.574
48074.938
47900.523
46026.680

1000it+programita:

497302.875
387946.781
485576.406
376654.875
280731.250
348079.406
469740.469
317787.750
492134.781
470184.375





