caso 255
4748975.500
4684400.500
4674449.500
4687502.500
4679548.000
4665235.000
4670222.000
4692568.500
4678503.000
4684826.500
4682339.500

caso 192
4657545.000
4656558.000
4670056.000
4686783.000
4694987.500
4685180.000
4661960.000
4683633.500
4709043.500
4684464.500

caso 128
4670045.500
4666416.000
4678175.000
4676159.000
4692289.500
4662994.000
4675316.500
4672945.500
4671217.500
4666899.000
4872911.000

caso 64
4694978.000
4694812.500
4663744.500
4716206.000
4725449.000
4702746.500
4697435.000
4683401.000
4694095.000
4680641.000
4684204.500

caso 0
4720563.000
4685200.500
4664178.000
4696148.000
4724852.500
4691843.500
4707045.000
4704866.000
4679742.500
4680669.500
4686931.500
