-O0

17670960.000
17627326.000
17657588.000
17633126.000
17667268.000
17628336.000
17621382.000
18045986.000
17865394.000
17622604.000
17700350.000
17679668.000
17658274.000
17695870.000
17649712.000

-O1

5558838.000
5494544.000
5498381.000
5545736.500
5502851.500
5513859.500
5549276.000
5490365.500
5488767.000
5495085.000
5500273.000
5547048.500
5504728.000
5505484.500

-O2

4889732.500
4878593.500
4882022.500
4878800.000
4901430.000
4879609.000
4884577.000
4878885.000
4899733.500
4905281.500
4892949.500
4881497.000
4916461.500

-O3

4667196.500
4721786.000
4700104.000
4669777.000
4668802.500
4668057.000
4674910.000
4718861.000
4670021.500
4664496.500
4925763.500
4668329.000
4671692.000
4683001.500

10Veces:

-O0

18398188.000
26034868.000
27653860.000
20882260.000
19939172.000
27214484.000
19970280.000
20505076.000
20861564.000
21785248.000
21973772.000
20635356.000
19915982.000
19476264.000
20694102.000

-O1

11300680.000
16130782.000
9613665.000
9481070.000
6178106.000
14883162.000
6778957.000
15968355.000
7285147.000
6539165.000
6493485.000
10246240.000
9545105.000
7785989.000
12042314.000

-O2

8559295.000
6832203.000
8991745.000
5786679.000
10500790.000
5842322.000
5447960.000
6584877.000
5698072.000
6109664.000
5596644.000
8533380.000
8492453.000
11629209.000
6212639.000

-O3

7993669.000
10516235.000
6654252.000
6769006.000
5204788.000
6875235.000
7169363.000
5393194.000
5642203.000
5284700.000
6979799.000
7227336.000
6817901.000
6504797.000
5283745.000
