-O0

24178744.000
24135586.000
24338122.000
24307892.000
24133834.000
24125694.000
24602690.000
24102464.000
24095598.000
24162544.000
24093030.000
24481544.000

-O1

16969278.000
16977458.000
16969664.000
17027792.000
17036424.000
16982726.000
17026398.000
16975330.000
17070376.000
17090298.000
16982728.000
17060826.000

-O2

10485137.000
10612177.000
10450046.000
10700094.000
10456328.000
10497920.000
10632455.000
10599598.000
10472754.000
10460901.000
10478055.000
10438289.000

-O3

4122971.000
4223961.000
4185692.500
4150312.250
4184365.500
4152751.750
4241900.000
4114385.500
4174429.000
4176055.250
4212912.000
4182749.750
4190974.750
