-O0

472544.812
423566.969
437657.094
428785.094
684539.688
436536.688
546674.812
438862.969
622914.312
443914.156
429160.844
435947.688
411775.844
413565.469
443038.688
426776.250
446268.406
416332.625
474926.750
428466.875

-O1

109683.328
102458.719
110834.711
117649.422
104241.984
103627.578
116560.320
117032.094
118062.109
108614.250
103573.008
111884.773
103340.133

-O2

70093.023
88190.914
76141.781
85485.883
70502.258
83619.922
79689.156
70543.453
69836.219
70530.055
70450.281
69657.445
76996.359
69985.094
71139.633
68695.109

-O3

73272.812
75555.375
72250.633
69705.344
69997.766
70741.422
83117.000
70569.891
70745.055
94135.305
70158.750
71618.609
84634.188
71413.617
71104.219
70953.078

10Veces:

-O0

570449.000
777575.000
565431.000
834380.000
1070195.000
743420.000
1135315.000
572128.000
594527.000
745570.000
528112.000
776965.000
781995.000

-O1

285871.000
278484.000
251628.000
491370.000
357015.000
418215.000
266173.000
295745.000
480881.000
227351.000
324110.000
233515.000
247273.000
252063.000
179570.000

-O2

227126.000
215197.000
252040.000
212945.000
308345.000
206997.000
295220.000
230882.000
217912.000
254305.000
201222.000
255455.000
359783.000
314195.000
221836.000

-O3

221807.000
206939.000
226046.000
218130.000
214246.000
308750.000
238058.000
194176.000
325580.000
206706.000
219948.000
208940.000
166915.000
222921.000
214667.000
